# 分省营收统计需排除的 payer_id（测试号等）
# 每行一个 ID；# 开头为注释
# 相对核心看板额外包含：54068676、54528073
64715131
47456867
26586707
33119852
26945698
46139544
28782753
65228068
62374507
54589073
54525570
54525568
54525569
54589071
54589072
54589070
54418117
30396915
45910665
70182323
26277102
26272623
70799773
23516880
10167816
64025857
57782781
22664042
61570251
35833204
29128900
72997019
22664198
70751965
47876582
317406582
317463456
317411735
317402344
22664064
34409192
75858697
37812082
75734940
4276996
76116584
28345186
29081269
53090059
54068676
54528073
